Climatic Research Unit Country File created on Wed 15 May 2019 11:43:38 BST, from CRU TS run #1905011326
Country = Indonesia            : parameter = Mean Temperature               : Units = degrees Celsius     
Period = 1901.2018 : missing value = -999.0 : format = (i5,17f8.1)
 YEAR     JAN     FEB     MAR     APR     MAY     JUN     JUL     AUG     SEP     OCT     NOV     DEC     MAM     JJA     SON     DJF     ANN
 1901    25.6    25.6    26.0    26.1    26.2    25.6    25.4    25.3    25.5    26.0    26.2    25.8    26.1    25.4    25.9    25.6    25.8
 1902    25.5    25.5    25.8    26.0    26.2    25.6    25.2    25.3    25.6    26.1    26.2    25.9    26.0    25.4    25.9    25.8    25.7
 1903    25.8    25.7    25.9    26.0    26.2    25.5    25.2    25.4    25.6    25.9    26.2    25.7    26.0    25.4    25.9    25.5    25.8
 1904    25.5    25.4    26.0    25.8    26.2    25.7    25.4    25.2    25.8    25.8    26.2    25.7    26.0    25.4    25.9    25.6    25.7
 1905    25.6    25.6    25.9    25.9    26.2    25.7    25.3    25.3    25.6    26.1    26.2    26.0    26.0    25.4    26.0    25.9    25.8
 1906    25.8    25.9    25.9    26.1    26.3    25.7    25.3    25.3    25.6    25.9    26.2    25.7    26.1    25.4    25.9    25.6    25.8
 1907    25.5    25.5    25.7    25.9    26.2    25.5    25.2    25.3    25.8    25.9    26.2    25.7    26.0    25.3    26.0    25.7    25.7
 1908    25.6    25.6    25.9    26.0    26.2    25.5    25.4    25.3    25.8    25.9    26.2    25.8    26.0    25.4    26.0    25.7    25.8
 1909    25.7    25.7    25.8    26.0    26.2    25.8    25.2    25.4    25.6    25.9    26.2    25.8    26.0    25.5    25.9    25.7    25.8
 1910    25.7    25.7    25.8    25.9    26.2    25.6    25.3    25.4    25.8    25.8    26.2    25.8    26.0    25.4    26.0    25.7    25.8
 1911    25.7    25.8    26.0    26.1    26.3    25.7    25.4    25.4    25.7    26.0    26.5    26.1    26.1    25.5    26.1    26.0    25.9
 1912    25.9    25.9    26.1    26.3    26.3    25.7    25.4    25.5    25.8    26.1    26.4    26.1    26.2    25.5    26.1    25.9    26.0
 1913    25.8    25.9    26.0    26.0    26.2    25.6    25.4    25.5    25.7    26.2    26.5    26.1    26.1    25.5    26.1    26.0    25.9
 1914    25.8    26.0    26.1    26.2    26.5    25.6    25.4    25.5    25.8    26.3    26.5    26.2    26.3    25.5    26.2    25.9    26.0
 1915    25.7    25.8    26.1    26.2    26.3    25.9    25.5    25.7    25.8    26.2    26.5    26.0    26.2    25.7    26.2    25.7    26.0
 1916    25.5    25.7    26.0    26.1    26.1    25.6    25.3    25.5    25.8    26.2    26.4    25.9    26.1    25.5    26.1    25.6    25.8
 1917    25.4    25.5    25.7    25.9    25.9    25.6    25.4    25.5    25.9    26.3    26.5    26.0    25.9    25.5    26.2    25.4    25.8
 1918    25.1    25.1    25.7    26.0    26.1    25.5    25.3    25.4    25.7    26.1    26.5    25.9    25.9    25.4    26.1    25.9    25.7
 1919    25.9    26.0    26.1    26.2    26.3    25.7    25.1    25.4    25.7    26.1    26.4    26.0    26.2    25.4    26.1    25.7    25.9
 1920    25.6    25.6    26.0    26.1    26.3    25.8    25.5    25.5    26.0    26.3    26.5    25.8    26.1    25.6    26.3    25.7    25.9
 1921    25.7    25.7    25.8    26.0    26.0    25.6    25.4    25.5    25.8    26.0    26.3    26.0    25.9    25.5    26.0    25.8    25.8
 1922    25.8    25.6    25.7    25.9    25.9    25.6    25.3    25.3    25.8    26.0    26.5    26.1    25.9    25.4    26.1    25.9    25.8
 1923    25.7    25.8    25.8    26.2    26.1    25.7    25.1    25.1    25.5    26.2    26.4    26.0    26.1    25.3    26.0    25.9    25.8
 1924    25.9    25.8    25.9    26.1    26.3    25.7    25.5    25.6    25.7    25.9    26.3    25.8    26.1    25.6    26.0    25.6    25.9
 1925    25.7    25.4    25.6    26.0    26.2    25.7    25.3    25.5    25.8    26.1    26.3    26.0    25.9    25.5    26.1    25.8    25.8
 1926    25.6    25.9    26.1    26.4    26.4    25.8    25.4    25.7    25.8    26.2    26.4    26.0    26.3    25.6    26.1    25.9    26.0
 1927    25.7    25.9    26.1    26.1    26.2    25.7    25.5    25.5    25.8    26.1    26.3    26.1    26.1    25.6    26.0    25.9    25.9
 1928    25.9    25.9    25.9    26.2    26.3    25.7    25.4    25.5    25.8    26.1    26.3    26.1    26.1    25.5    26.1    25.8    25.9
 1929    25.7    25.7    25.7    26.1    26.0    25.5    25.2    25.4    25.8    26.1    26.2    25.9    25.9    25.4    26.0    25.8    25.8
 1930    25.8    25.7    25.9    26.1    26.3    25.6    25.5    25.7    25.8    26.1    26.3    26.1    26.1    25.6    26.1    26.1    25.9
 1931    26.0    26.0    26.2    26.3    26.4    25.9    25.4    25.8    25.8    26.1    26.3    25.9    26.3    25.7    26.1    25.8    26.0
 1932    25.7    25.7    25.8    26.1    26.2    25.6    25.3    25.4    25.7    26.2    26.2    26.0    26.0    25.4    26.1    25.8    25.8
 1933    25.9    25.6    25.8    26.1    26.3    25.7    25.4    25.8    25.6    26.0    26.2    25.8    26.1    25.6    25.9    25.6    25.9
 1934    25.5    25.4    25.6    25.9    26.1    25.7    25.4    25.5    25.7    26.1    26.3    26.0    25.9    25.5    26.0    25.9    25.8
 1935    25.8    25.9    26.1    26.0    26.1    25.5    25.3    25.4    25.8    26.1    26.3    26.1    26.1    25.4    26.1    26.0    25.9
 1936    25.8    26.0    26.0    26.1    26.3    25.7    25.4    25.5    25.8    26.0    26.3    26.1    26.1    25.5    26.1    25.9    25.9
 1937    25.8    26.0    26.2    26.1    26.1    25.7    25.3    25.5    25.8    26.1    26.4    26.0    26.1    25.5    26.1    26.0    25.9
 1938    25.9    26.0    26.0    26.2    26.2    25.7    25.3    25.4    25.8    26.1    26.3    26.0    26.1    25.4    26.1    25.9    25.9
 1939    25.9    25.8    25.9    26.1    26.1    25.5    25.5    25.5    25.7    26.0    26.3    26.0    26.0    25.5    26.0    25.8    25.9
 1940    25.8    25.7    25.9    26.1    25.9    25.6    25.5    25.3    25.8    26.3    26.4    26.2    26.0    25.5    26.2    26.2    25.9
 1941    26.1    26.1    26.4    26.5    26.5    26.0    25.5    25.5    25.8    26.4    26.3    26.2    26.4    25.7    26.2    26.0    26.1
 1942    25.9    25.9    26.1    26.2    26.3    25.9    25.3    25.5    25.8    26.1    26.2    25.9    26.2    25.5    26.0    25.7    25.9
 1943    25.5    25.6    25.8    26.0    26.1    25.5    25.2    25.4    25.6    26.0    26.1    25.9    26.0    25.4    25.9    25.8    25.7
 1944    25.8    25.7    25.9    26.0    26.0    25.6    25.1    25.3    25.7    26.1    26.2    25.9    25.9    25.3    26.0    25.9    25.8
 1945    25.8    25.8    25.9    26.1    26.1    25.5    25.1    25.5    25.7    26.0    26.1    25.9    26.0    25.3    25.9    25.8    25.8
 1946    25.9    25.7    26.0    26.0    26.0    25.7    25.6    25.8    25.7    26.1    26.2    26.0    26.0    25.7    26.0    26.0    25.9
 1947    26.0    26.0    26.0    25.9    26.2    25.8    25.4    25.5    25.8    26.1    26.2    26.1    26.0    25.6    26.0    25.7    25.9
 1948    25.3    25.9    26.1    26.3    26.4    25.9    25.5    25.5    25.8    26.3    26.3    26.1    26.2    25.6    26.1    26.0    25.9
 1949    26.0    25.9    26.0    26.0    26.0    25.5    25.2    25.4    25.7    26.1    26.2    26.0    26.0    25.4    26.0    25.9    25.8
 1950    26.0    25.7    26.2    26.0    26.1    25.8    25.2    25.3    25.7    25.9    25.9    25.6    26.1    25.5    25.9    25.6    25.8
 1951    25.6    25.5    25.9    26.1    25.9    25.9    25.2    25.4    25.8    26.2    26.6    26.1    26.0    25.5    26.2    26.0    25.8
 1952    26.0    26.1    25.8    26.2    26.1    25.7    25.3    25.4    25.8    26.1    25.8    25.8    26.0    25.5    25.9    25.8    25.8
 1953    25.8    25.7    26.0    26.2    25.9    25.9    25.1    25.4    25.8    26.4    26.1    26.2    26.0    25.5    26.1    26.0    25.9
 1954    25.9    25.9    26.0    26.2    26.1    25.6    25.2    25.3    25.7    25.7    25.6    25.7    26.1    25.4    25.6    25.7    25.8
 1955    25.7    25.6    25.8    26.0    26.3    25.6    25.2    25.4    25.7    26.0    25.7    25.8    26.0    25.4    25.8    25.6    25.7
 1956    25.4    25.7    25.9    26.1    26.0    25.5    25.1    25.3    25.4    25.8    25.9    25.4    26.0    25.3    25.7    25.5    25.6
 1957    25.6    25.6    25.8    26.3    26.1    25.9    25.4    25.5    25.6    26.3    26.4    26.0    26.1    25.6    26.1    26.0    25.9
 1958    26.2    26.0    26.3    26.5    26.6    26.1    25.5    25.5    25.8    26.1    25.9    25.9    26.5    25.7    25.9    25.9    26.0
 1959    25.7    26.0    25.9    26.0    26.3    25.6    25.2    25.2    25.6    26.2    26.3    25.9    26.1    25.3    26.0    25.8    25.8
 1960    25.7    25.7    25.9    26.1    26.0    25.6    25.3    25.7    25.8    26.3    26.2    26.1    26.0    25.5    26.1    25.9    25.9
 1961    25.6    25.9    26.1    26.2    26.1    25.4    25.1    25.1    25.4    26.0    26.1    26.1    26.1    25.2    25.8    25.7    25.8
 1962    25.5    25.5    25.7    25.9    26.0    25.6    25.5    25.2    25.6    26.2    26.3    25.9    25.9    25.4    26.1    25.5    25.7
 1963    25.3    25.5    25.7    26.2    26.1    25.8    25.2    25.2    25.7    26.2    26.5    26.2    26.0    25.4    26.1    26.1    25.8
 1964    26.1    26.1    25.9    26.2    26.2    25.6    25.2    25.3    25.8    25.8    25.7    25.6    26.1    25.4    25.8    25.5    25.8
 1965    25.3    25.7    25.7    25.7    25.9    25.6    25.0    25.2    25.6    26.2    26.5    26.1    25.8    25.3    26.1    25.9    25.7
 1966    25.8    25.9    26.0    26.4    26.2    25.6    25.2    25.5    26.0    26.1    26.2    25.9    26.2    25.4    26.1    25.7    25.9
 1967    25.6    25.5    25.8    25.8    25.9    25.5    25.1    25.5    25.6    26.1    26.2    25.9    25.8    25.4    26.0    25.6    25.7
 1968    25.6    25.4    25.9    25.9    26.0    25.8    25.4    25.4    25.8    26.0    26.1    26.0    26.0    25.5    26.0    26.0    25.8
 1969    25.9    26.0    26.3    26.4    26.4    25.8    25.5    25.5    25.8    26.2    26.3    26.0    26.4    25.6    26.1    26.0    26.0
 1970    26.0    26.1    26.3    26.3    26.2    25.9    25.3    25.4    25.8    26.2    26.2    25.8    26.3    25.5    26.0    25.6    26.0
 1971    25.5    25.5    25.7    26.1    26.1    25.5    25.2    25.3    25.9    26.0    25.8    25.8    26.0    25.4    25.9    25.7    25.7
 1972    25.4    25.8    25.7    26.0    26.1    25.7    25.6    25.6    25.8    26.3    26.6    26.6    25.9    25.7    26.2    26.4    25.9
 1973    26.2    26.4    26.2    26.5    26.2    26.2    25.7    25.8    25.9    26.3    26.0    25.8    26.3    25.9    26.1    25.5    26.1
 1974    25.4    25.4    25.7    26.1    26.0    25.5    25.2    25.7    25.9    26.2    26.1    25.9    26.0    25.5    26.1    25.7    25.8
 1975    25.8    25.6    25.7    26.2    26.1    25.6    25.4    25.7    25.8    26.0    25.9    25.7    26.0    25.6    25.9    25.4    25.8
 1976    25.1    25.4    25.6    25.8    26.0    25.3    25.2    25.3    25.6    26.0    26.0    26.0    25.8    25.3    25.9    25.7    25.6
 1977    25.7    25.3    25.7    26.2    26.1    25.4    25.2    25.2    25.8    26.2    26.2    26.1    26.0    25.3    26.1    25.9    25.7
 1978    25.7    25.8    26.0    26.1    26.4    25.7    25.4    25.6    25.6    26.1    25.9    25.8    26.2    25.6    25.9    25.9    25.8
 1979    25.8    26.1    26.0    26.1    26.3    25.8    25.4    25.7    25.8    26.3    26.2    25.9    26.1    25.7    26.1    25.8    26.0
 1980    25.8    25.7    26.0    26.3    26.5    25.9    25.7    25.4    25.9    26.3    26.2    25.8    26.2    25.7    26.2    25.6    26.0
 1981    25.5    25.6    26.0    26.2    26.4    26.1    25.8    26.2    25.9    26.3    26.3    25.9    26.2    26.0    26.2    25.8    26.0
 1982    25.6    25.9    26.0    26.1    26.2    25.8    25.4    25.4    25.8    26.0    26.5    26.5    26.1    25.6    26.1    26.3    25.9
 1983    26.0    26.4    26.6    26.7    26.3    26.1    25.5    25.7    25.9    26.3    26.1    25.8    26.6    25.8    26.1    25.5    26.1
 1984    25.4    25.4    25.8    25.9    26.0    25.5    25.2    25.6    25.4    26.0    26.0    25.9    25.9    25.5    25.8    25.9    25.7
 1985    25.9    26.0    26.0    26.1    26.3    25.8    25.1    25.6    25.7    26.1    26.3    26.1    26.1    25.5    26.0    25.9    25.9
 1986    25.6    25.9    26.0    26.2    26.4    26.0    25.7    25.8    26.0    26.2    26.1    26.2    26.2    25.8    26.1    25.9    26.0
 1987    25.7    25.8    26.4    26.5    26.5    26.4    25.9    25.8    26.1    26.5    26.7    26.2    26.5    26.0    26.4    26.2    26.2
 1988    26.2    26.2    26.5    26.5    26.6    25.9    25.6    25.8    25.9    26.4    26.2    25.7    26.5    25.8    26.2    25.8    26.1
 1989    26.0    25.7    25.8    26.2    26.3    25.7    25.8    25.7    25.9    26.2    26.3    26.2    26.1    25.7    26.1    26.1    26.0
 1990    25.8    26.2    26.4    26.7    26.5    26.1    25.7    25.8    25.9    26.4    26.7    26.3    26.5    25.8    26.3    26.1    26.2
 1991    26.0    25.9    26.3    26.5    26.3    26.3    25.7    25.8    26.0    26.2    26.2    26.2    26.4    25.9    26.1    26.1    26.1
 1992    26.0    26.2    26.5    26.5    26.5    26.2    25.6    26.0    26.1    26.2    26.1    26.0    26.5    25.9    26.1    25.9    26.1
 1993    25.9    25.9    26.1    26.3    26.3    26.1    25.7    25.9    25.8    26.3    26.5    26.3    26.2    25.9    26.2    26.2    26.1
 1994    26.1    26.2    26.0    26.3    26.3    25.9    25.6    25.7    26.0    26.3    26.5    26.3    26.2    25.7    26.3    26.1    26.1
 1995    26.0    26.0    26.1    26.5    26.5    26.2    25.8    25.7    26.1    26.5    26.4    26.1    26.4    25.9    26.3    25.9    26.2
 1996    25.8    25.9    26.3    26.4    26.4    26.1    26.0    25.9    26.3    26.4    26.5    26.1    26.4    26.0    26.4    26.0    26.2
 1997    25.9    26.0    26.4    26.4    26.4    26.3    25.8    26.0    26.1    26.5    26.6    26.6    26.4    26.0    26.4    26.6    26.3
 1998    26.4    26.7    26.7    26.9    26.9    26.3    26.0    25.9    26.4    26.7    26.7    26.2    26.8    26.1    26.6    26.1    26.5
 1999    26.0    26.0    26.2    26.5    26.1    26.1    25.7    25.8    26.1    26.3    26.5    26.0    26.3    25.8    26.3    25.9    26.1
 2000    25.9    25.9    26.2    26.3    26.5    25.7    25.9    25.8    26.2    26.5    26.6    26.4    26.4    25.8    26.4    26.1    26.2
 2001    25.9    26.1    26.2    26.5    26.5    26.1    26.1    26.1    26.2    26.5    26.5    26.3    26.4    26.1    26.4    26.2    26.2
 2002    26.1    26.1    26.4    26.6    26.8    26.2    26.1    25.9    26.1    26.6    26.7    26.6    26.6    26.1    26.5    26.3    26.4
 2003    26.1    26.2    26.2    26.5    26.8    26.2    25.7    25.8    26.0    26.4    26.6    26.2    26.5    25.9    26.4    26.2    26.2
 2004    26.3    26.2    26.5    26.9    26.6    26.0    25.7    26.0    25.8    26.4    26.4    26.2    26.6    25.9    26.2    26.3    26.2
 2005    26.2    26.6    26.5    26.6    26.4    26.2    26.0    26.1    26.2    26.4    26.4    26.0    26.5    26.1    26.3    26.0    26.3
 2006    25.9    26.1    26.4    26.3    26.2    25.7    25.8    26.0    25.8    26.4    26.5    26.5    26.3    25.8    26.2    26.2    26.1
 2007    26.0    26.1    26.3    26.5    26.5    26.1    25.7    25.8    25.9    26.5    26.3    26.2    26.4    25.9    26.3    26.0    26.2
 2008    26.1    25.9    25.8    26.1    26.3    25.9    25.5    25.8    26.1    26.6    26.5    26.3    26.1    25.7    26.4    26.0    26.1
 2009    25.9    25.8    26.1    26.7    26.5    26.3    26.0    26.0    26.5    26.7    26.8    26.5    26.4    26.1    26.6    26.4    26.3
 2010    26.1    26.5    26.6    26.7    26.8    26.4    25.9    26.1    26.3    26.5    26.6    26.2    26.7    26.1    26.5    26.1    26.4
 2011    25.9    26.0    26.3    26.4    26.3    26.0    25.9    25.8    26.1    26.4    26.6    26.6    26.3    25.9    26.4    26.4    26.2
 2012    26.2    26.4    26.3    26.5    26.6    26.2    25.6    25.9    26.2    26.7    26.6    26.5    26.4    25.9    26.5    26.4    26.3
 2013    26.3    26.3    26.7    26.6    26.6    26.5    25.9    26.0    26.1    26.6    26.5    26.5    26.6    26.1    26.4    26.1    26.4
 2014    25.8    26.0    26.4    26.8    26.6    26.6    26.0    25.8    26.3    26.7    26.9    26.6    26.6    26.1    26.6    26.2    26.4
 2015    26.0    26.2    26.4    26.8    26.7    26.4    26.1    26.0    26.3    26.8    26.7    26.7    26.6    26.2    26.6    26.6    26.4
 2016    26.4    26.5    26.8    27.0    26.8    26.2    26.0    26.4    26.5    26.7    26.6    26.6    26.9    26.2    26.6    26.5    26.5
 2017    26.4    26.4    26.3    26.5    26.5    26.1    26.1    26.0    26.2    26.8    26.5    26.5    26.5    26.1    26.5    26.2    26.4
 2018    26.1    26.1    26.6    26.7    26.4    26.1    26.1    26.2    26.1    26.5    26.7    26.7    26.6    26.1    26.4  -999.0    26.4
